time	V(buff)	V(n009)
0.000000000000000e+000	-5.517770e-008	-1.000000e+000
2.441406278530511e-011	-9.091391e-006	-1.000000e+000
2.476613811405112e-011	-9.221365e-006	-1.000000e+000
3.110349403147919e-011	-1.144861e-005	-1.000000e+000
3.744084994890727e-011	-1.355381e-005	-1.000000e+000
4.377820586633534e-011	-1.553696e-005	-1.000000e+000
5.011556178376341e-011	-1.739806e-005	-1.000000e+000
5.645291770119149e-011	-1.913711e-005	-1.000000e+000
6.279027361861955e-011	-2.075411e-005	-1.000000e+000
6.912762953604762e-011	-2.224906e-005	-1.000000e+000
9.743488869393443e-011	-2.805805e-005	-1.000000e+000
1.364246951108239e-010	-3.370597e-005	-1.000000e+000
1.848515405310753e-010	-3.811655e-005	-1.000000e+000
2.533960681856382e-010	-4.147928e-005	-1.000000e+000
3.467635368130876e-010	-4.357010e-005	-1.000000e+000
4.913984370474615e-010	-4.487057e-005	-1.000000e+000
7.269130767201225e-010	-4.591819e-005	-1.000000e+000
1.197942356065445e-009	-4.745497e-005	-1.000000e+000
1.796356303806405e-009	-4.902854e-005	-1.000000e+000
2.598127924905348e-009	-5.060960e-005	-1.000000e+000
3.487448229033829e-009	-5.184083e-005	-1.000000e+000
4.750644653918292e-009	-5.300612e-005	-1.000000e+000
6.205064671668344e-009	-5.388383e-005	-1.000000e+000
8.467602815462879e-009	-5.479643e-005	-1.000000e+000
1.156112618111170e-008	-5.576214e-005	-1.000000e+000
1.696999843984498e-008	-5.731407e-005	-1.000000e+000
2.664154092793540e-008	-6.024124e-005	-1.000000e+000
4.598462590411625e-008	-6.685949e-005	-1.000000e+000
7.102580182978824e-008	-7.727448e-005	-1.000000e+000
1.077938362706081e-007	-9.744192e-005	-1.000000e+000
1.537483003009383e-007	-1.345620e-004	-1.000000e+000
2.173210232832155e-007	-2.210857e-004	-1.000000e+000
2.981601697239618e-007	-3.899217e-004	-1.000000e+000
3.213264282212594e-007	-4.596595e-004	-1.000000e+000
3.380753989190986e-007	-5.258486e-004	-1.000000e+000
3.590854913953868e-007	-6.232662e-004	-1.000000e+000
3.746664068071550e-007	-7.069653e-004	-1.000000e+000
3.909540990386387e-007	-8.082493e-004	-1.000000e+000
4.080819583639702e-007	-9.304085e-004	-1.000000e+000
4.245128637052047e-007	-1.065332e-003	-1.000000e+000
4.421606051576022e-007	-1.234895e-003	-1.000000e+000
4.659988360335278e-007	-1.508791e-003	-1.000000e+000
4.937991918718493e-007	-1.898184e-003	-1.000000e+000
5.210549421721573e-007	-2.372520e-003	-1.000000e+000
5.503234714950017e-007	-3.013164e-003	-1.000000e+000
5.828744489019512e-007	-3.923390e-003	-1.000000e+000
6.212387850175070e-007	-5.326300e-003	-1.000000e+000
6.659510980876857e-007	-7.545334e-003	-1.000000e+000
7.240485306743043e-007	-1.163640e-002	-1.000000e+000
8.016057435880231e-007	-1.964994e-002	-1.000000e+000
9.051751668168724e-007	-3.546770e-002	-1.000000e+000
1.053869713669205e-006	-6.710515e-002	-1.000000e+000
1.250880133778377e-006	-1.167987e-001	-1.000000e+000
1.378182323844415e-006	-1.454737e-001	-1.000000e+000
1.506466728032037e-006	-1.650662e-001	-1.000000e+000
1.640657989112604e-006	-1.806083e-001	-1.000000e+000
1.795521677881910e-006	-2.030969e-001	-1.000000e+000
1.944216928607188e-006	-2.357326e-001	-1.000000e+000
2.115077903017442e-006	-2.812028e-001	-1.000000e+000
2.210821039505844e-006	-2.991907e-001	-1.000000e+000
2.268864645313225e-006	-2.935864e-001	-1.000000e+000
2.315409856979349e-006	-2.632003e-001	-1.000000e+000
2.352083730055370e-006	-2.107256e-001	-1.000000e+000
2.391089198238311e-006	-1.231386e-001	-1.000000e+000
2.435763338460569e-006	7.740752e-003	-1.000000e+000
2.477347728675228e-006	1.392410e-001	-1.000000e+000
2.531100941592127e-006	2.919095e-001	-1.000000e+000
2.586297101490315e-006	4.113677e-001	-1.000000e+000
2.647551797281608e-006	4.967875e-001	-1.000000e+000
2.703796675013695e-006	5.501615e-001	-1.000000e+000
2.764676042152160e-006	5.999097e-001	-1.000000e+000
2.850924374487920e-006	6.625800e-001	-1.000000e+000
2.967706284328016e-006	7.361928e-001	-1.000000e+000
3.158873118294194e-006	8.421410e-001	-1.000000e+000
3.339928846064998e-006	9.326485e-001	-1.000000e+000
3.587532430182663e-006	1.048198e+000	-1.000000e+000
3.851211637198922e-006	1.167257e+000	-1.000000e+000
4.267115652169406e-006	1.352333e+000	-1.000000e+000
4.316408029660727e-006	1.374257e+000	-1.000000e+000
4.414992784643369e-006	1.418197e+000	-1.000000e+000
4.424610280197642e-006	1.422490e+000	-1.000000e+000
4.443845271306186e-006	1.431132e+000	-1.000000e+000
4.471472830367531e-006	1.443683e+000	-1.000000e+000
4.504397312526186e-006	1.458857e+000	-1.000000e+000
4.540965488530733e-006	1.475887e+000	-1.000000e+000
4.554193229832206e-006	1.482044e+000	-1.000000e+000
4.562307204347288e-006	1.485781e+000	-1.000000e+000
4.568314937163130e-006	1.488511e+000	-1.000000e+000
4.574357654461807e-006	1.491227e+000	-1.000000e+000
4.579771029340435e-006	1.493644e+000	-1.000000e+000
4.584403585960556e-006	1.495704e+000	-1.000000e+000
4.589022420100736e-006	1.497752e+000	-1.000000e+000
4.594366801820578e-006	1.500121e+000	-1.000000e+000
4.599426005481902e-006	1.502363e+000	-1.000000e+000
4.604805834500946e-006	1.504750e+000	-1.000000e+000
4.609936108829769e-006	1.507029e+000	-1.000000e+000
4.615276426139746e-006	1.509403e+000	-1.000000e+000
4.620436345908300e-006	1.511701e+000	-1.000000e+000
4.626935016253922e-006	1.514596e+000	-1.000000e+000
4.632079089428987e-006	1.516890e+000	-1.000000e+000
4.637636950172010e-006	1.519368e+000	-1.000000e+000
4.644470048972180e-006	1.522416e+000	-1.000000e+000
4.650874543387353e-006	1.525273e+000	-1.000000e+000
4.666504503890397e-006	1.532242e+000	-1.000000e+000
4.678026089857879e-006	1.537379e+000	-1.000000e+000
4.692219817724865e-006	1.543706e+000	-1.000000e+000
4.727004527821000e-006	1.559213e+000	-1.000000e+000
4.832089601420441e-006	1.606066e+000	-1.000000e+000
4.914041675886173e-006	1.642607e+000	-1.000000e+000
5.007574336638776e-006	1.684313e+000	-1.000000e+000
5.125567428997453e-006	1.736926e+000	-1.000000e+000
5.267952151321528e-006	1.800416e+000	-1.000000e+000
5.461456154040911e-006	1.886701e+000	-1.000000e+000
5.695902771418284e-006	1.991245e+000	-1.000000e+000
6.108856252124543e-006	2.175393e+000	-1.000000e+000
6.643540180537187e-006	2.413833e+000	-1.000000e+000
7.204582347750888e-006	2.664037e+000	-1.000000e+000
7.799206681436129e-006	2.929231e+000	-1.000000e+000
8.446203685122037e-006	3.217797e+000	-1.000000e+000
9.265489588763646e-006	3.583227e+000	-1.000000e+000
1.024214386257049e-005	4.018880e+000	-1.000000e+000
1.132483697434703e-005	4.501871e+000	-1.000000e+000
1.238266964849468e-005	4.973810e+000	-1.000000e+000
1.351339465039657e-005	5.478314e+000	-1.000000e+000
1.495142250920480e-005	6.119983e+000	-1.000000e+000
1.673351692420892e-005	6.914673e+000	-1.000000e+000
1.836359075895301e-005	7.640087e+000	-1.000000e+000
1.856814191408388e-005	7.729996e+000	-1.000000e+000
1.897724422434563e-005	7.906727e+000	-1.000000e+000
1.907951980191107e-005	7.949595e+000	-1.000000e+000
1.928407095704194e-005	8.028159e+000	-1.000000e+000
1.957300372849093e-005	8.113384e+000	-1.000000e+000
1.975033053535202e-005	8.113022e+000	-1.000000e+000
1.987888381364930e-005	8.028944e+000	-1.000000e+000
2.000000000000000e-005	7.872397e+000	-1.000000e+000
2.000067730969667e-005	7.871367e+000	-1.000000e+000
2.000203192908999e-005	7.869289e+000	-1.000000e+000
2.000474116787665e-005	7.865084e+000	-1.000000e+000
2.000874066191545e-005	7.858738e+000	-1.000000e+000
2.001332795808169e-005	7.851204e+000	-1.000000e+000
2.001831678435982e-005	7.842661e+000	-1.000000e+000
2.002328876025540e-005	7.833778e+000	-1.000000e+000
2.002832292360615e-005	7.824433e+000	-1.000000e+000
2.003329162171760e-005	7.814905e+000	-1.000000e+000
2.003886421940960e-005	7.803949e+000	-1.000000e+000
2.004325789714086e-005	7.795151e+000	-1.000000e+000
2.004742976771078e-005	7.786681e+000	-1.000000e+000
2.005232822666179e-005	7.776638e+000	-1.000000e+000
2.005681278973363e-005	7.767371e+000	-1.000000e+000
2.006161436826173e-005	7.757383e+000	-1.000000e+000
2.006981972753910e-005	7.740176e+000	-1.000000e+000
2.007365486469494e-005	7.732067e+000	-1.000000e+000
2.007850210929967e-005	7.721746e+000	-1.000000e+000
2.008621425067318e-005	7.705188e+000	-1.000000e+000
2.009285371629368e-005	7.690792e+000	-1.000000e+000
2.009919753002861e-005	7.676879e+000	-1.000000e+000
2.010649797544694e-005	7.660688e+000	-1.000000e+000
2.012207808450804e-005	7.625468e+000	-1.000000e+000
2.013211076154363e-005	7.602323e+000	-1.000000e+000
2.014437535038228e-005	7.573577e+000	-1.000000e+000
2.017191433894314e-005	7.507277e+000	-1.000000e+000
2.018949015554018e-005	7.463620e+000	-1.000000e+000
2.021856782120659e-005	7.389482e+000	-1.000000e+000
2.024998524444806e-005	7.306847e+000	-1.000000e+000
2.029361038807793e-005	7.187222e+000	-1.000000e+000
2.038086067533765e-005	6.935861e+000	-1.000000e+000
2.050373268630359e-005	6.564008e+000	-1.000000e+000
2.063201293999185e-005	6.158960e+000	-1.000000e+000
2.086545769074777e-005	5.406096e+000	-1.000000e+000
2.107998888832066e-005	4.727905e+000	-1.000000e+000
2.143404899485921e-005	3.676764e+000	-1.000000e+000
2.172621322384857e-005	2.902320e+000	-1.000000e+000
2.202141541686897e-005	2.239282e+000	-1.000000e+000
2.233335741299064e-005	1.666890e+000	-1.000000e+000
2.265054522451428e-005	1.215202e+000	-1.000000e+000
2.304700375071572e-005	7.952209e-001	-1.000000e+000
2.338341406761217e-005	5.409472e-001	-1.000000e+000
2.376843746721744e-005	3.376322e-001	-1.000000e+000
2.401788602426408e-005	2.418969e-001	-1.000000e+000
2.420371010220676e-005	1.886566e-001	-1.000000e+000
2.439219353878205e-005	1.457525e-001	-1.000000e+000
2.458981861640087e-005	1.090764e-001	-1.000000e+000
2.479564753487021e-005	7.745264e-002	-1.000000e+000
2.500027589191811e-005	5.098930e-002	-1.000000e+000
2.518700008077087e-005	3.075990e-002	-1.000000e+000
2.537565736308993e-005	1.419998e-002	-1.000000e+000
2.559025074393142e-005	-5.574327e-004	-1.000000e+000
2.577164719103001e-005	-1.006484e-002	-1.000000e+000
2.593192092851498e-005	-1.633618e-002	-1.000000e+000
2.609288266077080e-005	-2.098798e-002	-1.000000e+000
2.628813647918393e-005	-2.499207e-002	-1.000000e+000
2.651292621028409e-005	-2.808079e-002	-1.000000e+000
2.670729750835470e-005	-2.974022e-002	-1.000000e+000
2.687590225496748e-005	-3.055807e-002	-1.000000e+000
2.702595769909661e-005	-3.092057e-002	-1.000000e+000
2.717550081883993e-005	-3.102343e-002	-1.000000e+000
2.733973074542658e-005	-3.091991e-002	-1.000000e+000
2.752980142227268e-005	-3.059338e-002	-1.000000e+000
2.780115171989621e-005	-2.990154e-002	-1.000000e+000
2.805151483425843e-005	-2.912286e-002	-1.000000e+000
2.836818174673399e-005	-2.804185e-002	-1.000000e+000
2.870229365033327e-005	-2.688276e-002	-1.000000e+000
2.899560836282332e-005	-2.589040e-002	-1.000000e+000
2.926046391007878e-005	-2.503625e-002	-1.000000e+000
2.951070603268712e-005	-2.427305e-002	-1.000000e+000
2.974788385744971e-005	-2.359099e-002	-1.000000e+000
3.000455923406407e-005	-2.289605e-002	-1.000000e+000
3.027341533693305e-005	-2.221213e-002	-1.000000e+000
3.057726154888942e-005	-2.148774e-002	-1.000000e+000
3.090584691089835e-005	-2.075455e-002	-1.000000e+000
3.126783467664116e-005	-1.999830e-002	-1.000000e+000
3.163551627714098e-005	-1.927686e-002	-1.000000e+000
3.200269978904385e-005	-1.859653e-002	-1.000000e+000
3.233511877423936e-005	-1.801058e-002	-1.000000e+000
3.262980646362511e-005	-1.751342e-002	-1.000000e+000
3.293433198790208e-005	-1.701961e-002	-1.000000e+000
3.326454332280451e-005	-1.650493e-002	-1.000000e+000
3.367816885439420e-005	-1.588569e-002	-1.000000e+000
3.405551418151748e-005	-1.534398e-002	-1.000000e+000
3.447755657322479e-005	-1.476332e-002	-1.000000e+000
3.486603340970819e-005	-1.424910e-002	-1.000000e+000
3.516240970388425e-005	-1.387015e-002	-1.000000e+000
3.540035728385479e-005	-1.357498e-002	-1.000000e+000
3.566590246473020e-005	-1.325425e-002	-1.000000e+000
3.592051342095071e-005	-1.295500e-002	-1.000000e+000
3.625045548657044e-005	-1.257867e-002	-1.000000e+000
3.736147260562887e-005	-1.139543e-002	-1.000000e+000
3.758152511599853e-005	-1.117540e-002	-1.000000e+000
3.777072013543536e-005	-1.099083e-002	-1.000000e+000
3.796717252356535e-005	-1.080297e-002	-1.000000e+000
3.816191658142072e-005	-1.062043e-002	-1.000000e+000
3.838170644325821e-005	-1.041857e-002	-1.000000e+000
3.859103542590470e-005	-1.023064e-002	-1.000000e+000
3.887871800456075e-005	-9.978980e-003	-1.000000e+000
3.920564461040746e-005	-9.701691e-003	-1.000000e+000
3.962666141203702e-005	-9.357970e-003	-1.000000e+000
4.068177810654875e-005	-8.556780e-003	-1.000000e+000
4.137041945537129e-005	-8.076816e-003	-1.000000e+000
4.203128710336604e-005	-7.644602e-003	-1.000000e+000
4.268476311081193e-005	-7.245840e-003	-1.000000e+000
4.346450748844999e-005	-6.802477e-003	-1.000000e+000
4.420547990127416e-005	-6.413022e-003	-1.000000e+000
4.520839744827713e-005	-5.931871e-003	-1.000000e+000
4.637423490782730e-005	-5.425332e-003	-1.000000e+000
4.746637727753141e-005	-4.999984e-003	-1.000000e+000
4.859746181776431e-005	-4.610307e-003	-1.000000e+000
5.016362181888463e-005	-4.137079e-003	-1.000000e+000
5.167719218257342e-005	-3.742734e-003	-1.000000e+000
5.349198292336191e-005	-3.347701e-003	-1.000000e+000
5.593338917336191e-005	-2.913038e-003	-1.000000e+000
5.837479542336192e-005	-2.566149e-003	-1.000000e+000
6.081620167336192e-005	-2.294653e-003	-1.000000e+000
6.325760792336191e-005	-2.082164e-003	-1.000000e+000
6.569901417336192e-005	-1.915859e-003	-1.000000e+000
6.814042042336192e-005	-1.785700e-003	-1.000000e+000
7.058182667336192e-005	-1.683830e-003	-1.000000e+000
7.302323292336192e-005	-1.604101e-003	-1.000000e+000
7.546463917336192e-005	-1.541701e-003	-1.000000e+000
8.034745167336193e-005	-1.454641e-003	-1.000000e+000
8.523026417336193e-005	-1.401312e-003	-1.000000e+000
9.255448292336194e-005	-1.357422e-003	-1.000000e+000
9.883238470907623e-005	-1.343500e-003	-1.000000e+000
1.051102864947905e-004	-1.332318e-003	-1.000000e+000
1.113881882805048e-004	-1.323874e-003	-1.000000e+000
1.176660900662191e-004	-1.318170e-003	-1.000000e+000
1.239439918519334e-004	-1.315206e-003	-1.000000e+000
1.302218936376477e-004	-1.314980e-003	-1.000000e+000
1.364997954233620e-004	-1.317494e-003	-1.000000e+000
1.392950347815747e-004	-1.317387e-003	-1.000000e+000
1.420902741397874e-004	-1.317295e-003	-1.000000e+000
1.448855134980000e-004	-1.317219e-003	-1.000000e+000
1.476807528562128e-004	-1.317159e-003	-1.000000e+000
1.504759922144254e-004	-1.317114e-003	-1.000000e+000
1.532712315726381e-004	-1.317085e-003	-1.000000e+000
1.560664709308508e-004	-1.317071e-003	-1.000000e+000
1.563000000000000e-004	-1.317268e-003	-1.000000e+000
1.564038283142683e-004	-1.322411e-003	-9.993355e-001
1.564461167411902e-004	-1.333286e-003	-9.990649e-001
1.565088189599524e-004	-1.368422e-003	-9.986635e-001
1.565848796274277e-004	-1.463752e-003	-9.981768e-001
1.567216470661750e-004	-1.812828e-003	-9.973015e-001
1.568811117276743e-004	-2.585461e-003	-9.962809e-001
1.570880979830933e-004	-4.335292e-003	-9.949562e-001
1.573356857427384e-004	-7.687087e-003	-9.933716e-001
1.576527172572932e-004	-1.405045e-002	-9.913426e-001
1.580571416829707e-004	-2.526862e-002	-9.887543e-001
1.586691991445042e-004	-4.684205e-002	-9.848371e-001
1.594525115895094e-004	-7.896345e-002	-9.798239e-001
1.600690334700315e-004	-1.068177e-001	-9.758782e-001
1.607204257587348e-004	-1.378307e-001	-9.717093e-001
1.614990857653628e-004	-1.748844e-001	-9.667258e-001
1.622378810498679e-004	-2.082727e-001	-9.619976e-001
1.631214806208164e-004	-2.448106e-001	-9.563425e-001
1.641245522894482e-004	-2.814048e-001	-9.499229e-001
1.660785187529940e-004	-3.427955e-001	-9.374175e-001
1.679641730604913e-004	-3.927408e-001	-9.253493e-001
1.701020712488956e-004	-4.388564e-001	-9.116668e-001
1.725434774988956e-004	-4.812135e-001	-8.960418e-001
1.749848837488956e-004	-5.146999e-001	-8.804168e-001
1.774262899988956e-004	-5.409162e-001	-8.647918e-001
1.798676962488957e-004	-5.614418e-001	-8.491668e-001
1.823091024988957e-004	-5.775082e-001	-8.335418e-001
1.871919149988957e-004	-5.999264e-001	-8.022918e-001
1.920747274988957e-004	-6.136597e-001	-7.710418e-001
1.993989462488957e-004	-6.249631e-001	-7.241668e-001
2.063743926774671e-004	-6.286904e-001	-6.795239e-001
2.133498391060385e-004	-6.316672e-001	-6.348810e-001
2.203252855346100e-004	-6.338934e-001	-5.902382e-001
2.273007319631814e-004	-6.353691e-001	-5.455953e-001
2.342761783917528e-004	-6.360942e-001	-5.009525e-001
2.412516248203243e-004	-6.360687e-001	-4.563096e-001
2.482270712488957e-004	-6.352927e-001	-4.116668e-001
2.572951516060385e-004	-6.353008e-001	-3.536310e-001
2.663632319631814e-004	-6.353142e-001	-2.955953e-001
2.754313123203243e-004	-6.353330e-001	-2.375596e-001
2.844993926774672e-004	-6.353570e-001	-1.795239e-001
2.935674730346100e-004	-6.353864e-001	-1.214882e-001
3.026355533917529e-004	-6.354211e-001	-6.345246e-002
3.117036337488957e-004	-6.354611e-001	-5.416744e-003
3.207717141060386e-004	-6.354228e-001	5.261897e-002
3.298397944631815e-004	-6.353942e-001	1.106547e-001
3.389078748203244e-004	-6.353753e-001	1.686904e-001
3.479759551774672e-004	-6.353660e-001	2.267261e-001
3.570440355346101e-004	-6.353664e-001	2.847618e-001
3.661121158917529e-004	-6.353765e-001	3.427975e-001
3.751801962488958e-004	-6.353962e-001	4.008332e-001
3.842482766060387e-004	-6.353940e-001	4.588690e-001
3.933163569631815e-004	-6.353921e-001	5.169047e-001
4.023844373203244e-004	-6.353906e-001	5.749404e-001
4.114525176774673e-004	-6.353895e-001	6.329761e-001
4.205205980346101e-004	-6.353887e-001	6.910118e-001
4.295886783917530e-004	-6.353883e-001	7.490475e-001
4.386567587488959e-004	-6.353883e-001	8.070832e-001
4.429629360704822e-004	-6.353881e-001	8.346428e-001
4.472691133920684e-004	-6.353880e-001	8.622023e-001
4.515752907136548e-004	-6.353879e-001	8.897619e-001
4.558814680352411e-004	-6.353878e-001	9.173214e-001
4.601876453568274e-004	-6.353877e-001	9.448809e-001
4.644938226784137e-004	-6.353876e-001	9.724405e-001
4.688000000000000e-004	-6.353875e-001	1.000000e+000
4.689133641564967e-004	-6.355584e-001	9.992745e-001
4.690267283129934e-004	-6.353892e-001	9.985490e-001
4.691400924694900e-004	-6.348798e-001	9.978234e-001
4.692534566259867e-004	-6.340304e-001	9.970979e-001
4.693668207824834e-004	-6.328409e-001	9.963724e-001
4.694801849389801e-004	-6.313113e-001	9.956468e-001
4.695935490954767e-004	-6.294416e-001	9.949213e-001
4.698257048769504e-004	-6.233194e-001	9.934355e-001
4.701547404936814e-004	-6.103737e-001	9.913297e-001
4.705334514112249e-004	-5.896158e-001	9.889059e-001
4.710913438345499e-004	-5.496701e-001	9.853354e-001
4.719279865466551e-004	-4.786977e-001	9.799809e-001
4.726339483629088e-004	-4.136362e-001	9.754627e-001
4.734610389824675e-004	-3.365223e-001	9.701694e-001
4.744031882613019e-004	-2.527382e-001	9.641396e-001
4.755209427411669e-004	-1.611815e-001	9.569860e-001
4.767017300519898e-004	-7.165942e-002	9.494289e-001
4.774624381028369e-004	-1.646249e-002	9.445604e-001
4.779188632735743e-004	1.485909e-002	9.416393e-001
4.782381384428481e-004	3.473436e-002	9.395959e-001
4.785282826960562e-004	5.113741e-002	9.377390e-001
4.788220103833571e-004	6.672607e-002	9.358591e-001
4.794338819506646e-004	9.785064e-002	9.319432e-001
4.799204731412834e-004	1.223217e-001	9.288290e-001
4.806261756461428e-004	1.571788e-001	9.243125e-001
4.813895427104763e-004	1.930341e-001	9.194269e-001
4.822251593324370e-004	2.290839e-001	9.140790e-001
4.831370787072730e-004	2.639974e-001	9.082427e-001
4.847837317439842e-004	3.188888e-001	8.977041e-001
4.864779949531038e-004	3.674067e-001	8.868608e-001
4.882925886285239e-004	4.106713e-001	8.752474e-001
4.906985534937001e-004	4.575266e-001	8.598493e-001
4.931399597437001e-004	4.955472e-001	8.442243e-001
4.955813659937000e-004	5.253563e-001	8.285993e-001
4.980227722437000e-004	5.486935e-001	8.129743e-001
5.004641784936999e-004	5.669617e-001	7.973493e-001
5.029055847436999e-004	5.812614e-001	7.817243e-001
5.077883972436998e-004	6.012138e-001	7.504743e-001
5.126712097436997e-004	6.134365e-001	7.192243e-001
5.199954284936995e-004	6.234964e-001	6.723493e-001
5.266221026008422e-004	6.267534e-001	6.299386e-001
5.332487767079849e-004	6.293615e-001	5.875278e-001
5.398754508151276e-004	6.313208e-001	5.451171e-001
5.465021249222704e-004	6.326313e-001	5.027064e-001
5.531287990294131e-004	6.332929e-001	4.602957e-001
5.597554731365558e-004	6.333057e-001	4.178850e-001
5.663821472436985e-004	6.326696e-001	3.754742e-001
5.758266272907310e-004	6.326724e-001	3.150296e-001
5.852711073377635e-004	6.326824e-001	2.545849e-001
5.947155873847960e-004	6.326997e-001	1.941402e-001
6.041600674318285e-004	6.327243e-001	1.336956e-001
6.136045474788610e-004	6.327561e-001	7.325089e-002
6.230490275258935e-004	6.327953e-001	1.280622e-002
6.324935075729260e-004	6.328417e-001	-4.763845e-002
6.422591325729258e-004	6.328016e-001	-1.101384e-001
6.520247575729256e-004	6.327709e-001	-1.726384e-001
6.617903825729254e-004	6.327496e-001	-2.351384e-001
6.715560075729252e-004	6.327376e-001	-2.976384e-001
6.813216325729250e-004	6.327350e-001	-3.601384e-001
6.910872575729248e-004	6.327418e-001	-4.226384e-001
7.008528825729245e-004	6.327579e-001	-4.851384e-001
7.092234182872100e-004	6.327567e-001	-5.387099e-001
7.175939540014956e-004	6.327557e-001	-5.922813e-001
7.259644897157811e-004	6.327549e-001	-6.458528e-001
7.343350254300667e-004	6.327543e-001	-6.994242e-001
7.427055611443522e-004	6.327538e-001	-7.529956e-001
7.510760968586378e-004	6.327535e-001	-8.065671e-001
7.594466325729233e-004	6.327533e-001	-8.601385e-001
7.625692742217986e-004	6.327532e-001	-8.801339e-001
7.656919158706740e-004	6.327531e-001	-9.001227e-001
7.688145575195493e-004	6.327530e-001	-9.201049e-001
7.719371991684246e-004	6.327530e-001	-9.400804e-001
7.750598408172999e-004	6.327529e-001	-9.600493e-001
7.781824824661753e-004	6.327529e-001	-9.800116e-001
7.813051241150506e-004	6.327529e-001	-9.999672e-001
7.814228858892694e-004	6.329252e-001	-9.992135e-001
7.815406476634882e-004	6.327188e-001	-9.984599e-001
7.816584094377070e-004	6.321338e-001	-9.977062e-001
7.817761712119259e-004	6.311701e-001	-9.969525e-001
7.818939329861447e-004	6.298278e-001	-9.961988e-001
7.820116947603635e-004	6.281068e-001	-9.954452e-001
7.821294565345823e-004	6.260071e-001	-9.946915e-001
7.823909717349482e-004	6.185021e-001	-9.930178e-001
7.827193195589983e-004	6.046054e-001	-9.909164e-001
7.831395834148575e-004	5.801203e-001	-9.882267e-001
7.837211223302445e-004	5.364754e-001	-9.845048e-001
7.847482624643330e-004	4.465027e-001	-9.779311e-001
7.856304030896652e-004	3.647595e-001	-9.722854e-001
7.866080420462360e-004	2.756314e-001	-9.660285e-001
7.875515481140218e-004	1.958384e-001	-9.599901e-001
7.888390346097522e-004	9.565686e-002	-9.517502e-001
7.896318094035834e-004	3.692248e-002	-9.466764e-001
7.900757916973802e-004	5.440121e-003	-9.438350e-001
7.905846218401807e-004	-2.813133e-002	-9.405784e-001
7.908436039862013e-004	-4.354201e-002	-9.389209e-001
7.911436320731705e-004	-5.987909e-002	-9.370008e-001
7.917122458531635e-004	-8.915562e-002	-9.333616e-001
7.924876736829338e-004	-1.283765e-001	-9.283989e-001
7.929430999693544e-004	-1.509467e-001	-9.254842e-001
7.938539525421955e-004	-1.939210e-001	-9.196547e-001
7.947026595218217e-004	-2.306606e-001	-9.142230e-001
7.957073789447239e-004	-2.692342e-001	-9.077927e-001
7.971017715725853e-004	-3.160864e-001	-8.988687e-001
7.987596947526722e-004	-3.641353e-001	-8.882580e-001
8.006084609863005e-004	-4.090377e-001	-8.764259e-001
8.030498672363005e-004	-4.574361e-001	-8.608009e-001
8.054912734863004e-004	-4.960783e-001	-8.451759e-001
8.079326797363004e-004	-5.263392e-001	-8.295509e-001
8.103740859863003e-004	-5.500298e-001	-8.139259e-001
8.128154922363003e-004	-5.685754e-001	-7.983009e-001
8.152568984863002e-004	-5.830919e-001	-7.826759e-001
8.201397109863001e-004	-6.033469e-001	-7.514259e-001
8.274639297363000e-004	-6.200187e-001	-7.045509e-001
8.326955145577284e-004	-6.249094e-001	-6.710687e-001
8.379270993791568e-004	-6.288824e-001	-6.375866e-001
8.431586842005853e-004	-6.319378e-001	-6.041044e-001
8.483902690220138e-004	-6.340754e-001	-5.706223e-001
8.536218538434423e-004	-6.352954e-001	-5.371401e-001
8.588534386648707e-004	-6.355976e-001	-5.036580e-001
8.640850234862992e-004	-6.349822e-001	-4.701759e-001
8.773383717005846e-004	-6.351641e-001	-3.853544e-001
8.905917199148701e-004	-6.352981e-001	-3.005330e-001
9.038450681291554e-004	-6.353842e-001	-2.157116e-001
9.170984163434409e-004	-6.354225e-001	-1.308901e-001
9.303517645577263e-004	-6.354128e-001	-4.606870e-002
9.436051127720118e-004	-6.353553e-001	3.875273e-002
9.568584609862972e-004	-6.352499e-001	1.235742e-001
9.746458493791539e-004	-6.353158e-001	2.374134e-001
9.924332377720107e-004	-6.353663e-001	3.512527e-001
1.010220626164867e-003	-6.354014e-001	4.650920e-001
1.028008014557724e-003	-6.354211e-001	5.789313e-001
1.045795402950581e-003	-6.354254e-001	6.927706e-001
1.063582791343438e-003	-6.354143e-001	8.066099e-001
1.081370179736295e-003	-6.353878e-001	9.204491e-001
1.093800000000001e-003	-6.353875e-001	1.000000e+000
1.093920080961740e-003	-6.355781e-001	9.992315e-001
1.094040161923478e-003	-6.353723e-001	9.984629e-001
1.094160242885217e-003	-6.347703e-001	9.976944e-001
1.094280323846955e-003	-6.337719e-001	9.969259e-001
1.094400404808694e-003	-6.323772e-001	9.961574e-001
1.094520485770432e-003	-6.305861e-001	9.953889e-001
1.094640566732171e-003	-6.283987e-001	9.946204e-001
1.094880590020632e-003	-6.215050e-001	9.930843e-001
1.095228364342315e-003	-6.068037e-001	9.908585e-001
1.095624899061500e-003	-5.837603e-001	9.883206e-001
1.096230139452538e-003	-5.383996e-001	9.844471e-001
1.097205621925938e-003	-4.531956e-001	9.782040e-001
1.098057821297571e-003	-3.742059e-001	9.727499e-001
1.099041603028704e-003	-2.842435e-001	9.664537e-001
1.099973318351761e-003	-2.048878e-001	9.604908e-001
1.101203034949958e-003	-1.086796e-001	9.526206e-001
1.102096034853898e-003	-4.317187e-002	9.469054e-001
1.103004381980110e-003	1.958242e-002	9.410920e-001
1.103417782770195e-003	4.516501e-002	9.384462e-001
1.103721499382624e-003	6.179192e-002	9.365024e-001
1.104311431779120e-003	9.183073e-002	9.327269e-001
1.105281286864674e-003	1.405418e-001	9.265198e-001
1.105716692081434e-003	1.619197e-001	9.237332e-001
1.106266594525892e-003	1.878542e-001	9.202138e-001
1.106845237438049e-003	2.135700e-001	9.165105e-001
1.107480853998829e-003	2.397763e-001	9.124425e-001
1.108226181219630e-003	2.680905e-001	9.076725e-001
1.109015845459275e-003	2.956060e-001	9.026186e-001
1.109944115068466e-003	3.251322e-001	8.966777e-001
1.110988583294119e-003	3.552557e-001	8.899931e-001
1.112190449183544e-003	3.862742e-001	8.823012e-001
1.113598260604160e-003	4.182205e-001	8.732911e-001
1.115263077127984e-003	4.507040e-001	8.626363e-001
1.117202994268151e-003	4.822972e-001	8.502209e-001
1.119633784147028e-003	5.144584e-001	8.346638e-001
1.122075190397028e-003	5.401549e-001	8.190388e-001
1.124516596647028e-003	5.602778e-001	8.034138e-001
1.126958002897028e-003	5.760293e-001	7.877888e-001
1.131840815397028e-003	5.980086e-001	7.565388e-001
1.136569980771231e-003	6.111987e-001	7.262721e-001
1.140312997734429e-003	6.171530e-001	7.023168e-001
1.144056014697628e-003	6.220748e-001	6.783615e-001
1.147799031660826e-003	6.259639e-001	6.544062e-001
1.151542048624025e-003	6.288205e-001	6.304509e-001
1.155285065587223e-003	6.306445e-001	6.064956e-001
1.159028082550422e-003	6.314359e-001	5.825403e-001
1.162771099513620e-003	6.311948e-001	5.585850e-001
1.177419537013620e-003	6.318690e-001	4.648350e-001
1.192067974513620e-003	6.323882e-001	3.710850e-001
1.206716412013619e-003	6.327524e-001	2.773350e-001
1.221364849513619e-003	6.329614e-001	1.835850e-001
1.236013287013619e-003	6.330155e-001	8.983496e-002
1.250661724513618e-003	6.329144e-001	-3.915040e-003
1.265310162013618e-003	6.326584e-001	-9.766503e-002
1.285452337120114e-003	6.327041e-001	-2.265862e-001
1.305594512226610e-003	6.327391e-001	-3.555004e-001
1.325736687333107e-003	6.327633e-001	-4.844075e-001
1.345878862439603e-003	6.327768e-001	-6.133076e-001
1.366021037546099e-003	6.327795e-001	-7.422006e-001
1.386163212652595e-003	6.327715e-001	-8.710866e-001
1.406305387759091e-003	6.327528e-001	-9.999655e-001
1.406427706847018e-003	6.329422e-001	-9.991827e-001
1.406550025934945e-003	6.327114e-001	-9.983998e-001
1.406672345022872e-003	6.320604e-001	-9.976170e-001
1.406794664110798e-003	6.309891e-001	-9.968342e-001
1.406916983198725e-003	6.294975e-001	-9.960513e-001
1.407039302286652e-003	6.275857e-001	-9.952685e-001
1.407161621374578e-003	6.252537e-001	-9.944856e-001
1.407433690062383e-003	6.169738e-001	-9.927444e-001
1.407770506227776e-003	6.020060e-001	-9.905888e-001
1.408210200763254e-003	5.753567e-001	-9.877747e-001
1.408822260554285e-003	5.284662e-001	-9.838575e-001
1.409710616093546e-003	4.500805e-001	-9.781721e-001
1.410542807271493e-003	3.727087e-001	-9.728460e-001
1.411512325516091e-003	2.840398e-001	-9.666411e-001
1.412461598495606e-003	2.031879e-001	-9.605657e-001
1.413731469311497e-003	1.037239e-001	-9.524386e-001
1.414561942554587e-003	4.210975e-002	-9.471236e-001
1.415101968420013e-003	3.398902e-003	-9.436674e-001
1.415424257023352e-003	-1.846599e-002	-9.416047e-001
1.415593577203067e-003	-2.910374e-002	-9.405211e-001
1.415722266487421e-003	-3.672459e-002	-9.396975e-001
1.415845354974454e-003	-4.373096e-002	-9.389097e-001
1.416105631928478e-003	-5.789233e-002	-9.372439e-001
1.416428558341231e-003	-7.461380e-002	-9.351772e-001
1.416751484753984e-003	-9.116973e-002	-9.331105e-001
1.417074411166737e-003	-1.075601e-001	-9.310438e-001
1.417397337579490e-003	-1.237850e-001	-9.289771e-001
1.417720263992243e-003	-1.398443e-001	-9.269103e-001
1.418043190404996e-003	-1.557381e-001	-9.248436e-001
1.418366116817749e-003	-1.714663e-001	-9.227769e-001
1.419147114335757e-003	-2.070907e-001	-9.177785e-001
1.420074706272565e-003	-2.454666e-001	-9.118419e-001
1.421186958408629e-003	-2.861226e-001	-9.047235e-001
1.422717180861227e-003	-3.346562e-001	-8.949301e-001
1.424564800725827e-003	-3.847264e-001	-8.831053e-001
1.426482571767420e-003	-4.278709e-001	-8.708315e-001
1.428923978017420e-003	-4.723400e-001	-8.552065e-001
1.431365384267420e-003	-5.077512e-001	-8.395815e-001
1.433806790517420e-003	-5.354784e-001	-8.239565e-001
1.436248196767420e-003	-5.571843e-001	-8.083315e-001
1.438689603017420e-003	-5.741756e-001	-7.927065e-001
1.443572415517420e-003	-5.978847e-001	-7.614565e-001
1.448455228017419e-003	-6.124089e-001	-7.302065e-001
1.455779446767419e-003	-6.243634e-001	-6.833315e-001
1.462406120874562e-003	-6.282338e-001	-6.409208e-001
1.469032794981705e-003	-6.313332e-001	-5.985101e-001
1.475659469088848e-003	-6.336616e-001	-5.560994e-001
1.482286143195990e-003	-6.352189e-001	-5.136887e-001
1.488912817303133e-003	-6.360053e-001	-4.712780e-001
1.495539491410276e-003	-6.360207e-001	-4.288673e-001
1.502166165517418e-003	-6.352650e-001	-3.864565e-001
1.529370406588846e-003	-6.353175e-001	-2.123494e-001
1.556574647660274e-003	-6.353583e-001	-3.824226e-002
1.583778888731702e-003	-6.353875e-001	1.358649e-001
1.610983129803130e-003	-6.354051e-001	3.099720e-001
1.638187370874558e-003	-6.354111e-001	4.840792e-001
1.665391611945986e-003	-6.354054e-001	6.581863e-001
1.692595853017414e-003	-6.353881e-001	8.322935e-001
1.718805387314833e-003	-6.353875e-001	9.999655e-001
1.718923797227596e-003	-6.355749e-001	9.992077e-001
1.719042207140359e-003	-6.353742e-001	9.984499e-001
1.719160617053122e-003	-6.347853e-001	9.976921e-001
1.719279026965885e-003	-6.338085e-001	9.969342e-001
1.719397436878648e-003	-6.324435e-001	9.961764e-001
1.719515846791410e-003	-6.306905e-001	9.954186e-001
1.719634256704173e-003	-6.285493e-001	9.946607e-001
1.719870947427286e-003	-6.218390e-001	9.931459e-001
1.720218431984647e-003	-6.073048e-001	9.909220e-001
1.720609829470363e-003	-5.847526e-001	9.884171e-001
1.721210805595327e-003	-5.399984e-001	9.845709e-001
1.722157458226880e-003	-4.576427e-001	9.785123e-001
1.722986344799774e-003	-3.808511e-001	9.732074e-001
1.723981611953024e-003	-2.895567e-001	9.668377e-001
1.724897937092247e-003	-2.111204e-001	9.609732e-001
1.726156279245280e-003	-1.122827e-001	9.529198e-001
1.727103841113265e-003	-4.288324e-002	9.468554e-001
1.728117370612504e-003	2.645801e-002	9.403688e-001
1.728540383883627e-003	5.210894e-002	9.376615e-001
1.728846903034642e-003	6.848414e-002	9.356998e-001
1.729157554964968e-003	8.427720e-002	9.337116e-001
1.729468206895294e-003	9.995586e-002	9.317235e-001
1.729778858825620e-003	1.155201e-001	9.297353e-001
1.730089510755946e-003	1.309700e-001	9.277471e-001
1.730400162686272e-003	1.463055e-001	9.257590e-001
1.730710814616598e-003	1.615266e-001	9.237708e-001
1.731021466546924e-003	1.766333e-001	9.217826e-001
1.731844461807263e-003	2.137644e-001	9.165155e-001
1.732757109111160e-003	2.508489e-001	9.106745e-001
1.733797615047467e-003	2.885396e-001	9.040152e-001
1.735035537729091e-003	3.282510e-001	8.960925e-001
1.736591923066893e-003	3.716702e-001	8.861317e-001
1.737547089142055e-003	3.951927e-001	8.800187e-001
1.738668867426099e-003	4.201071e-001	8.728393e-001
1.740009583644916e-003	4.464600e-001	8.642586e-001
1.741605794697567e-003	4.735357e-001	8.540429e-001
1.743602442740032e-003	5.018858e-001	8.412644e-001
1.745980285593689e-003	5.293628e-001	8.260462e-001
1.748421691843689e-003	5.517941e-001	8.104212e-001
1.750863098093689e-003	5.693886e-001	7.947962e-001
1.753304504343689e-003	5.831606e-001	7.791712e-001
1.758187316843689e-003	6.023773e-001	7.479212e-001
1.765361707614427e-003	6.180156e-001	7.020051e-001
1.770110557384968e-003	6.224751e-001	6.716124e-001
1.774859407155509e-003	6.261250e-001	6.412198e-001
1.779608256926051e-003	6.289652e-001	6.108271e-001
1.784357106696592e-003	6.309957e-001	5.804345e-001
1.789105956467133e-003	6.322165e-001	5.500419e-001
1.793854806237674e-003	6.326276e-001	5.196492e-001
1.798603656008216e-003	6.322291e-001	4.892566e-001
1.831846472221196e-003	6.324636e-001	2.764955e-001
1.865089288434176e-003	6.326449e-001	6.373884e-002
1.898332104647156e-003	6.327730e-001	-1.490134e-001
1.931574920860136e-003	6.328478e-001	-3.617613e-001
1.964817737073115e-003	6.328694e-001	-5.745047e-001
1.998060553286096e-003	6.328378e-001	-7.872438e-001
2.031303369499075e-003	6.327529e-001	-9.999784e-001
2.031404638011916e-003	6.328727e-001	-9.993303e-001
2.031505906524757e-003	6.327435e-001	-9.986822e-001
2.031607175037598e-003	6.323654e-001	-9.980341e-001
2.031708443550438e-003	6.317383e-001	-9.973860e-001
2.031809712063279e-003	6.308623e-001	-9.967379e-001
2.031910980576120e-003	6.297373e-001	-9.960897e-001
2.032012249088961e-003	6.283634e-001	-9.954416e-001
2.032232987679926e-003	6.234127e-001	-9.940289e-001
2.032534824707343e-003	6.130190e-001	-9.920971e-001
2.032886809399842e-003	5.956923e-001	-9.898444e-001
2.033381154734827e-003	5.631561e-001	-9.866806e-001
2.034070122635022e-003	5.077140e-001	-9.822712e-001
2.034829185765575e-003	4.392507e-001	-9.774132e-001
2.035639763700886e-003	3.635078e-001	-9.722255e-001
2.036585174828382e-003	2.775840e-001	-9.661749e-001
2.037592471252136e-003	1.926085e-001	-9.597282e-001
2.038870711930836e-003	9.331097e-002	-9.515474e-001
2.039664130372239e-003	3.459474e-002	-9.464695e-001
2.040074633920300e-003	5.449446e-003	-9.438424e-001
2.040543847921232e-003	-2.556697e-002	-9.408394e-001
2.040834105153905e-003	-4.288089e-002	-9.389817e-001
2.041168499899372e-003	-6.103333e-002	-9.368416e-001
2.041671628432497e-003	-8.701511e-002	-9.336216e-001
2.042135057823470e-003	-1.105229e-001	-9.306557e-001
2.042623609077977e-003	-1.350041e-001	-9.275289e-001
2.043516501813615e-003	-1.783047e-001	-9.218144e-001
2.044336939146962e-003	-2.152933e-001	-9.165636e-001
2.045278428910882e-003	-2.534563e-001	-9.105381e-001
2.046346625039270e-003	-2.916956e-001	-9.037016e-001
2.047906608533513e-003	-3.402656e-001	-8.937177e-001
2.049724403656575e-003	-3.885921e-001	-8.820838e-001
2.051772792740607e-003	-4.336491e-001	-8.689741e-001
2.054214198990607e-003	-4.770204e-001	-8.533491e-001
2.056655605240607e-003	-5.114163e-001	-8.377241e-001
2.059097011490607e-003	-5.383476e-001	-8.220991e-001
2.061538417740607e-003	-5.594305e-001	-8.064741e-001
2.063979823990607e-003	-5.759338e-001	-7.908491e-001
2.068862636490607e-003	-5.989618e-001	-7.595991e-001
2.073745448990607e-003	-6.130688e-001	-7.283491e-001
2.081069667740606e-003	-6.246797e-001	-6.814741e-001
2.088045114169178e-003	-6.285084e-001	-6.368313e-001
2.095020560597749e-003	-6.315661e-001	-5.921884e-001
2.101996007026320e-003	-6.338529e-001	-5.475456e-001
2.108971453454892e-003	-6.353686e-001	-5.029027e-001
2.115946899883463e-003	-6.361133e-001	-4.582599e-001
2.122922346312034e-003	-6.360869e-001	-4.136170e-001
2.129897792740605e-003	-6.352896e-001	-3.689741e-001
2.160456020504093e-003	-6.353323e-001	-1.733902e-001
2.191014248267580e-003	-6.353655e-001	2.218669e-002
2.221572476031067e-003	-6.353891e-001	2.177565e-001
2.252130703794555e-003	-6.354031e-001	4.133193e-001
2.282688931558041e-003	-6.354075e-001	6.088751e-001
2.313247159321529e-003	-6.354023e-001	8.044239e-001
2.343805387085016e-003	-6.353875e-001	9.999655e-001
2.343924232645086e-003	-6.355772e-001	9.992049e-001
2.344043078205156e-003	-6.353746e-001	9.984443e-001
2.344161923765225e-003	-6.347798e-001	9.976837e-001
2.344280769325295e-003	-6.337929e-001	9.969231e-001
2.344399614885365e-003	-6.324138e-001	9.961624e-001
2.344518460445435e-003	-6.306425e-001	9.954018e-001
2.344637306005505e-003	-6.284791e-001	9.946412e-001
2.344874875132400e-003	-6.217057e-001	9.931208e-001
2.345223260155063e-003	-6.070647e-001	9.908912e-001
2.345616246172932e-003	-5.843338e-001	9.883760e-001
2.346220105367846e-003	-5.392317e-001	9.845113e-001
2.347178386780479e-003	-4.557129e-001	9.783783e-001
2.348017112601448e-003	-3.779880e-001	9.730105e-001
2.349007104571435e-003	-2.872956e-001	9.666745e-001
2.349930227511211e-003	-2.084488e-001	9.607666e-001
2.351178214675080e-003	-1.105947e-001	9.527794e-001
2.352101507279764e-003	-4.291975e-002	9.468703e-001
2.353065018313288e-003	2.329470e-002	9.407039e-001
2.353483009802908e-003	4.887713e-002	9.380288e-001
2.353787571748737e-003	6.532969e-002	9.360796e-001
2.354115179502521e-003	8.205658e-002	9.339829e-001
2.354442787256305e-003	9.863828e-002	9.318861e-001
2.354770395010089e-003	1.150748e-001	9.297894e-001
2.355098002763873e-003	1.313661e-001	9.276928e-001
2.355425610517657e-003	1.475123e-001	9.255961e-001
2.355753218271441e-003	1.635133e-001	9.234994e-001
2.356080826025225e-003	1.793691e-001	9.214027e-001
2.356533807395179e-003	2.001027e-001	9.185036e-001
2.357029464468600e-003	2.215381e-001	9.153314e-001
2.357567258438262e-003	2.433839e-001	9.118896e-001
2.358132040506376e-003	2.648525e-001	9.082749e-001
2.358760965581103e-003	2.871861e-001	9.042498e-001
2.359443658070064e-003	3.097946e-001	8.998806e-001
2.360201694362106e-003	3.331095e-001	8.950291e-001
2.361060389836517e-003	3.574860e-001	8.895335e-001
2.362027575731259e-003	3.825809e-001	8.833435e-001
2.363148413686147e-003	4.088094e-001	8.761702e-001
2.364455774362738e-003	4.359468e-001	8.678030e-001
2.365983282307374e-003	4.634627e-001	8.580270e-001
2.367843272889605e-003	4.917990e-001	8.461230e-001
2.370015617154996e-003	5.190170e-001	8.322201e-001
2.372457023404996e-003	5.435668e-001	8.165951e-001
2.374898429654996e-003	5.629486e-001	8.009701e-001
2.377339835904996e-003	5.781198e-001	7.853451e-001
2.382222648404996e-003	5.992892e-001	7.540951e-001
2.387105460904996e-003	6.122843e-001	7.228451e-001
2.390992034102387e-003	6.180773e-001	6.979710e-001
2.394878607299779e-003	6.228503e-001	6.730969e-001
2.398765180497170e-003	6.266036e-001	6.482229e-001
2.402651753694562e-003	6.293369e-001	6.233488e-001
2.406538326891953e-003	6.310504e-001	5.984747e-001
2.410424900089344e-003	6.317440e-001	5.736006e-001
2.414311473286736e-003	6.314177e-001	5.487266e-001
2.499760692036734e-003	6.328615e-001	1.851571e-003
2.500000000000000e-003	6.328681e-001	3.200000e-004
